  1  4.0035349 0.00000000  0  9
  2 22.6322900 0.01010101  5 17
  3 17.8358499 0.02020202  2  4
  4  9.8298424 0.03030303  2 14
  5 17.8425390 0.04040404  3 11
  6 19.5798175 0.05050505  3  7
  7 14.0943181 0.06060606  3 15
  8 17.6091016 0.07070707  3 10
  9 17.6000696 0.08080808  3 10
 10 10.2306511 0.09090909  3 21
 11 25.2869743 0.10101010  4  6
 12 35.2586815 0.11111111  6  6
 13 16.8536229 0.12121212  3 11
 14  9.3748601 0.13131313  1  7
 15 13.3972070 0.14141414  2  9
 16 46.7431601 0.15151515  9 12
 17 24.3348896 0.16161616  4  9
 18  9.7420315 0.17171717  1  8
 19  9.0641327 0.18181818  1  9
 20 10.3400691 0.19191919  1  6
 21 23.3629191 0.20202020  4  9
 22  9.9764642 0.21212121  1  8
 23 21.3626806 0.22222222  3  6
 24 19.2281955 0.23232323  3  8
 25  7.7758425 0.24242424  1 11
 26 15.3506824 0.25252525  2  7
 27  9.1041591 0.26262626  1  9
 28 15.3444999 0.27272727  3 14
 29 28.0220919 0.28282828  4  4
 30 22.2203716 0.29292929  3  4
 31 29.5843043 0.30303030  5  8
 32 15.5036936 0.31313131  2  7
 33 26.2381316 0.32323232  4  7
 34  7.4518773 0.33333333  1 11
 35  6.0058453 0.34343434  0  5
 36 18.1635955 0.35353535  3 10
 37  8.7472153 0.36363636  1 11
 38  7.7740294 0.37373737  1 10
 39 19.1388054 0.38383838  3  9
 40 28.6409587 0.39393939  5 10
 41 11.9637425 0.40404040  2 12
 42  9.1836630 0.41414141  1 10
 43 29.6630451 0.42424242  6 15
 44  6.6575649 0.43434343  1 13
 45 14.3293992 0.44444444  3 16
 46 33.6998861 0.45454545  6  9
 47 16.6235156 0.46464646  2  7
 48 24.3520392 0.47474747  4  9
 49 14.4707577 0.48484848  2  9
 50 26.7584630 0.49494949  4  6
 51 10.2603716 0.50505051  1 10
 52 24.2932398 0.51515152  4 10
 53 13.9372627 0.52525253  2 10
 54 20.2074303 0.53535354  2  3
 55 15.3105069 0.54545455  2  9
 56 17.4782617 0.55555556  2  6
 57 14.9376365 0.56565657  2  9
 58 15.9344916 0.57575758  2  8
 59 14.6061507 0.58585859  2  9
 60  6.0786416 0.59595960  0  7
 61 11.9754447 0.60606061  1  7
 62 10.2774920 0.61616162  1  9
 63 14.3256513 0.62626263  3 17
 64 21.7310093 0.63636364  3  7
 65 12.0434415 0.64646465  1  7
 66 34.2739779 0.65656566  5  4
 67 19.4279925 0.66666667  3 10
 68 55.5705257 0.67676768 11 16
 69 31.5814034 0.68686869  5  7
 70 12.1830217 0.69696970  1  7
 71  9.6488314 0.70707071  1 11
 72 27.7942907 0.71717172  4  6
 73 26.8842809 0.72727273  4  8
 74 15.6104691 0.73737374  2  9
 75 29.7354749 0.74747475  4  4
 76 32.5251818 0.75757576  5  6
 77 18.9882343 0.76767677  3 11
 78 18.8177386 0.77777778  3 11
 79 18.5448620 0.78787879  3 13
 80 22.1200546 0.79797980  3  7
 81 24.1620644 0.80808081  4 11
 82 18.5303144 0.81818182  2  5
 83 30.2453687 0.82828283  5 10
 84 35.0003317 0.83838384  6 10
 85  7.9904822 0.84848485  1 12
 86 26.4084381 0.85858586  5 14
 87 15.2847430 0.86868687  1  3
 88 12.2753426 0.87878788  1  8
 89 20.7080256 0.88888889  3 10
 90 21.4383419 0.89898990  3  8
 91 29.4166780 0.90909091  5 10
 92 25.5576993 0.91919192  4  9
 93 19.1788414 0.92929293  2  5
 94 27.8704792 0.93939394  4  6
 95 20.1965906 0.94949495  3 10
 96 19.2018313 0.95959596  3 12
 97  9.3983313 0.96969697  1 11
 98 14.2533838 0.97979798  2 12
 99  0.3967656 0.98989899  0 17
100 19.6264834 1.00000000  3 11
