 1 10.111368  1      0
 2  9.948930  1      0
 3 10.322560  1      0
 4 10.241052  1      0
 5  9.911427  1      0
 6  9.357969  1      0
 7 10.649141  1      0
 8 10.150197  1      0
 9  9.403218  1      0
10  8.027072  1      0
11 20.020056  1      1
12 19.527761  1      1
13 19.837267  1      1
14 20.996321  1      1
15 19.542561  1      1
16 19.780033  1      1
17 19.594109  1      1
18 20.414508  1      1
19 19.250757  1      1
20 19.834284  1      1
21 15.505169  2      0
22 15.382253  2      0
23 14.789241  2      0
24 15.036802  2      0
25 15.310231  2      0
26 15.365858  2      0
27 15.231435  2      0
28 14.917311  2      0
29 15.337620  2      0
30 15.212929  2      0
31 25.001992  2      1
32 25.373501  2      1
33 24.963757  2      1
34 24.875378  2      1
35 26.226183  2      1
36 25.516603  2      1
37 24.528209  2      1
38 25.478525  2      1
39 24.621946  2      1
40 25.075753  2      1
41 20.095388  3      0
42 19.656462  3      0
43 19.684810  3      0
44 20.124166  3      0
45 20.554969  3      0
46 20.014279  3      0
47 20.377923  3      0
48 20.314138  3      0
49 19.197861  3      0
50 19.748016  3      0
51 29.722132  3      1
52 30.118746  3      1
53 30.238772  3      1
54 30.700399  3      1
55 29.805870  3      1
56 29.847426  3      1
57 30.717193  3      1
58 29.794258  3      1
59 30.030490  3      1
60 29.541542  3      1